[gd_scene load_steps=7 format=3 uid="uid://bat5o1wmiks71"]

[ext_resource type="Script" path="res://items/wieldables/weapons/guns/gun/gun.gd" id="1_8tdxw"]
[ext_resource type="PackedScene" uid="uid://c4h88dlbepqh" path="res://assets/guns/laser_carbine.blend" id="1_pfvao"]
[ext_resource type="Script" path="res://components/utility/interactable_component.gd" id="2_h078i"]
[ext_resource type="PackedScene" uid="uid://cj50swx7oxk6x" path="res://assets/LowPolyFPSHands.glb" id="4_xiqe7"]

[sub_resource type="CapsuleShape3D" id="CapsuleShape3D_7exh4"]
radius = 0.09
height = 1.54

[sub_resource type="BoxShape3D" id="BoxShape3D_cuouj"]
size = Vector3(0.115, 0.209482, 0.370605)

[node name="PowerTube" type="RigidBody3D" node_paths=PackedStringArray("hands", "barrel_point")]
transform = Transform3D(1, 0, 0, 0, 1, 0, 0, 0, 1, 0, 0, -0.782805)
collision_layer = 36
collision_mask = 16
script = ExtResource("1_8tdxw")
hands = NodePath("Hands")
barrel_point = NodePath("BarrelPoint")

[node name="laser_carbine" parent="." instance=ExtResource("1_pfvao")]

[node name="BodyCollider" type="CollisionShape3D" parent="."]
transform = Transform3D(1, 0, 0, 0, -4.37114e-08, -1, 0, 1, -4.37114e-08, 0.0221058, 0.0939177, 0.0158278)
shape = SubResource("CapsuleShape3D_7exh4")

[node name="HandleCollider" type="CollisionShape3D" parent="."]
transform = Transform3D(1, 0, 0, 0, 1, 0, 0, 0, 1, 0.015, -0.0832471, 0.314697)
shape = SubResource("BoxShape3D_cuouj")

[node name="InteractableComponent" type="Node" parent="." node_paths=PackedStringArray("parent")]
script = ExtResource("2_h078i")
parent = NodePath("..")

[node name="BarrelPoint" type="Node3D" parent="."]
transform = Transform3D(1, 0, 0, 0, 1, 0, 0, 0, 1, 0.02, 0.093, -0.740198)

[node name="Hands" type="Node3D" parent="."]
visible = false

[node name="RightHand" parent="Hands" instance=ExtResource("4_xiqe7")]
transform = Transform3D(-4.37114e-09, -0.1, 0, 0.1, -4.37114e-09, 0, 0, 0, 0.1, 0.0649989, -0.0745705, 0.537774)

[node name="hand" parent="Hands/RightHand" index="0"]
transform = Transform3D(1, 0, 0, 0, 1, 0, 0, 0, 1, -0.241265, 0, 0.254405)

[node name="arm_lower" parent="Hands/RightHand/hand" index="0"]
transform = Transform3D(1, 0, 0, 0, 1, 0, 0, 0, 1, -5.96046e-08, -0.118854, 0.00119281)

[node name="index_0" parent="Hands/RightHand/hand" index="1"]
transform = Transform3D(0.972512, -5.6275e-10, -0.232851, -0.0654862, 0.959639, -0.273506, 0.223453, 0.281236, 0.93326, 0.635515, -5.96046e-08, -1.8433)

[node name="index_1" parent="Hands/RightHand/hand/index_0" index="0"]
transform = Transform3D(1, -7.45058e-09, 2.98023e-08, 0, 1, -2.98023e-08, 0, 2.98023e-08, 1, -0.00764, 0.111955, -0.552449)

[node name="middle_0" parent="Hands/RightHand/hand" index="2"]
transform = Transform3D(1, -4.20975e-08, -4.36816e-08, -4.20974e-08, 0.0369227, -0.999318, 4.36816e-08, 0.999318, 0.0369227, 0.219422, 0.033918, -1.93098)

[node name="middle_1" parent="Hands/RightHand/hand/middle_0" index="0"]
transform = Transform3D(1, -2.76897e-08, -4.06693e-08, -2.76897e-08, 0.366534, -0.930405, 4.06693e-08, 0.930405, 0.366534, 0, 0.0637908, -0.552019)

[node name="pinky_0" parent="Hands/RightHand/hand" index="3"]
transform = Transform3D(1, -4.20975e-08, -4.36816e-08, -4.20974e-08, 0.0369227, -0.999318, 4.36816e-08, 0.999318, 0.0369227, -0.636916, -0.0537501, -1.92774)

[node name="pinky_1" parent="Hands/RightHand/hand/pinky_0" index="0"]
transform = Transform3D(1, -2.76897e-08, -4.06693e-08, -2.76897e-08, 0.366534, -0.930405, 4.06693e-08, 0.930405, 0.366534, 0, -0.0986085, -0.57577)

[node name="ring_0" parent="Hands/RightHand/hand" index="4"]
transform = Transform3D(1, -4.20975e-08, -4.36816e-08, -4.20974e-08, 0.0369227, -0.999318, 4.36816e-08, 0.999318, 0.0369227, -0.22161, 0.0198305, -1.93046)

[node name="ring_1" parent="Hands/RightHand/hand/ring_0" index="0"]
transform = Transform3D(1, -2.76897e-08, -4.06693e-08, -2.76897e-08, 0.366534, -0.930405, 4.06693e-08, 0.930405, 0.366534, 0, 0.034821, -0.554703)

[node name="thumb_0" parent="Hands/RightHand/hand" index="5"]
transform = Transform3D(0.505448, -1.08511, 0.0622567, 1.03138, 0.457183, -0.405033, 0.342915, 0.224359, 1.12645, 0.71163, -0.0538707, -0.365427)

[node name="thumb_1" parent="Hands/RightHand/hand/thumb_0" index="0"]
transform = Transform3D(0.932709, -0.0106629, 0.360473, -0.0518204, 0.985227, 0.163226, -0.356888, -0.170923, 0.918377, 0.418848, -5.96046e-08, -0.541475)

[node name="thumb_2" parent="Hands/RightHand/hand/thumb_0/thumb_1" index="0"]
transform = Transform3D(0.958787, -0.00289678, 0.284112, -0.0353719, 0.990952, 0.129472, -0.281917, -0.134186, 0.950009, 0.286444, -3.72529e-09, -0.397435)

[node name="LeftHand" parent="Hands" instance=ExtResource("4_xiqe7")]
transform = Transform3D(-0.0655334, 5.72911e-09, -0.0755339, -8.74227e-09, -0.1, -2.76725e-16, -0.0755339, 6.60338e-09, 0.0655334, 0.0224499, -0.0394652, -0.0881369)

[node name="hand" parent="Hands/LeftHand" index="0"]
transform = Transform3D(0.994481, -0.104719, -0.00636065, 0.104719, 0.987151, 0.120699, -0.00636077, -0.120699, 0.992669, 0.176416, 0, 1.12006)

[node name="arm_lower" parent="Hands/LeftHand/hand" index="0"]
transform = Transform3D(0.93455, 0.0500189, -0.352299, -0.0363372, 0.99831, 0.0453462, 0.353972, -0.0295767, 0.934788, 0, -0.118854, 0.00119257)

[node name="index_0" parent="Hands/LeftHand/hand" index="1"]
transform = Transform3D(0.988962, -0.147619, -0.0127217, 0.147619, 0.9743, 0.170146, -0.0127221, -0.170145, 0.985337, 0.635516, -2.68221e-07, -1.8433)

[node name="index_1" parent="Hands/LeftHand/hand/index_0" index="0"]
transform = Transform3D(0.996575, -0.0826004, -0.00394788, 0.0826003, 0.992025, 0.0952053, -0.00394791, -0.0952053, 0.995449, 9.53674e-07, 2.98023e-08, -0.520542)

[node name="index_2" parent="Hands/LeftHand/hand/index_0/index_1" index="0"]
transform = Transform3D(0.878366, -0.456966, -0.140195, 0.456966, 0.716776, 0.5267, -0.140196, -0.5267, 0.83841, 1.90735e-06, -8.9407e-08, -0.496837)

[node name="middle_0" parent="Hands/LeftHand/hand" index="2"]
transform = Transform3D(0.960321, -0.27512, -0.0457333, 0.27512, 0.907609, 0.317104, -0.0457336, -0.317104, 0.947287, 0.219422, -2.98023e-08, -1.96367)

[node name="middle_1" parent="Hands/LeftHand/hand/middle_0" index="0"]
transform = Transform3D(0.821505, -0.531792, -0.205733, 0.531792, 0.584377, 0.612944, -0.205733, -0.612944, 0.762871, 1.90735e-06, 1.49012e-07, -0.59545)

[node name="pinky_0" parent="Hands/LeftHand/hand" index="3"]
transform = Transform3D(0.675248, -0.635557, -0.37431, 0.635557, 0.243818, 0.732544, -0.37431, -0.732544, 0.56857, -0.636915, -5.96046e-08, -1.87594)

[node name="pinky_1" parent="Hands/LeftHand/hand/pinky_0" index="0"]
transform = Transform3D(0.958663, -0.280528, -0.0476454, 0.280528, 0.903747, 0.323336, -0.0476453, -0.323336, 0.945084, 0, -1.19209e-07, -0.508631)

[node name="ring_0" parent="Hands/LeftHand/hand" index="4"]
transform = Transform3D(0.773645, -0.577413, -0.260897, 0.577413, 0.472935, 0.665527, -0.260897, -0.665527, 0.69929, -0.22161, -8.9407e-08, -1.94957)

[node name="ring_1" parent="Hands/LeftHand/hand/ring_0" index="0"]
transform = Transform3D(0.961195, -0.272221, -0.0447269, 0.272221, 0.909642, 0.313762, -0.044727, -0.313762, 0.948448, 0, 1.19209e-07, -0.57841)

[node name="ring_2" parent="Hands/LeftHand/hand/ring_0/ring_1" index="0"]
transform = Transform3D(1, -3.29121e-09, 0, 3.15445e-10, 1, 4.04947e-09, 0, -2.29716e-09, 1, 9.53674e-07, -5.96046e-08, -0.558439)

[node name="thumb_0" parent="Hands/LeftHand/hand" index="5"]
transform = Transform3D(1.07687, 0.51642, 0.102374, -0.523734, 1.0271, 0.328006, 0.0535935, -0.339406, 1.14837, 0.71163, -0.0538707, -0.365427)

[node name="thumb_1" parent="Hands/LeftHand/hand/thumb_0" index="0"]
transform = Transform3D(1, 2.98023e-08, -2.98023e-08, 2.98023e-08, 1, -2.98023e-08, 0, 2.98023e-08, 1, 0.418848, 4.76837e-07, -0.541475)

[node name="thumb_2" parent="Hands/LeftHand/hand/thumb_0/thumb_1" index="0"]
transform = Transform3D(0.97808, 0.166181, 0.125474, -0.141036, 0.971999, -0.187957, -0.153196, 0.166141, 0.97413, 0.286443, 9.53674e-07, -0.397435)

[editable path="Hands/RightHand"]
[editable path="Hands/LeftHand"]
